# Data from SSDC cosmic rays database www.ssdc.asi.it 
# File generated today 20210324 
# Errors may contain statistic and systematic depending on the options set when drawing the graph 
# Fluxes are multiplied by a power of Energy (or Rigidity) if the option is set when drawing the graph 
# Horizontal errors usually are not uncertanties of the measurement but correspond to binning. See publication. 
#
# GraphTitle: e+ AMS-02 PRL (2019); 2011-05-19 00:00:00.0,2017-11-12 00:00:00.0; 
# XLabel: kinetic energy (GeV) 
# YLabel: Flux#timesE^{3.0} ((m^{2} s sr GeV)^{-1}#times(GeV/n)^{3.0}) 
#
# Columns: X, XErrorLow, XErrorHigh, Y, YErrorLow, YErrorHigh 
5.700000e-01  0.000000e+00 0.000000e+00  4.942801e-01  3.300491e-02 3.300491e-02 
7.300000e-01  0.000000e+00 0.000000e+00  1.002108e+00  4.237608e-02 4.237608e-02 
9.100000e-01  0.000000e+00 0.000000e+00  1.712113e+00  5.484527e-02 5.484527e-02 
1.110000e+00  0.000000e+00 0.000000e+00  2.638160e+00  6.868177e-02 6.868177e-02 
1.330000e+00  0.000000e+00 0.000000e+00  3.594829e+00  7.706457e-02 7.706457e-02 
1.580000e+00  0.000000e+00 0.000000e+00  4.717397e+00  8.514599e-02 8.514599e-02 
1.850000e+00  0.000000e+00 0.000000e+00  5.849788e+00  9.031170e-02 9.031170e-02 
2.150000e+00  0.000000e+00 0.000000e+00  6.959844e+00  9.691317e-02 9.691317e-02 
2.470000e+00  0.000000e+00 0.000000e+00  8.048472e+00  1.052691e-01 1.052691e-01 
2.820000e+00  0.000000e+00 0.000000e+00  8.932183e+00  1.136878e-01 1.136878e-01 
3.170000e+00  0.000000e+00 0.000000e+00  9.632956e+00  1.190202e-01 1.190202e-01 
3.540000e+00  0.000000e+00 0.000000e+00  1.037180e+01  1.291837e-01 1.291837e-01 
3.920000e+00  0.000000e+00 0.000000e+00  1.089674e+01  1.315580e-01 1.315580e-01 
4.320000e+00  0.000000e+00 0.000000e+00  1.119834e+01  1.351464e-01 1.351464e-01 
4.760000e+00  0.000000e+00 0.000000e+00  1.152918e+01  1.466921e-01 1.466921e-01 
5.240000e+00  0.000000e+00 0.000000e+00  1.180949e+01  1.492589e-01 1.492589e-01 
5.740000e+00  0.000000e+00 0.000000e+00  1.187290e+01  1.513072e-01 1.513072e-01 
6.260000e+00  0.000000e+00 0.000000e+00  1.207683e+01  1.551504e-01 1.551504e-01 
6.810000e+00  0.000000e+00 0.000000e+00  1.228545e+01  1.608209e-01 1.608209e-01 
7.390000e+00  0.000000e+00 0.000000e+00  1.218015e+01  1.596579e-01 1.596579e-01 
7.990000e+00  0.000000e+00 0.000000e+00  1.227258e+01  1.648127e-01 1.648127e-01 
8.620000e+00  0.000000e+00 0.000000e+00  1.216957e+01  1.665310e-01 1.665310e-01 
9.280000e+00  0.000000e+00 0.000000e+00  1.222743e+01  1.647549e-01 1.647549e-01 
9.960000e+00  0.000000e+00 0.000000e+00  1.227156e+01  1.725552e-01 1.725552e-01 
1.067000e+01  0.000000e+00 0.000000e+00  1.223271e+01  1.739283e-01 1.739283e-01 
1.141000e+01  0.000000e+00 0.000000e+00  1.233217e+01  1.800334e-01 1.800334e-01 
1.219000e+01  0.000000e+00 0.000000e+00  1.253117e+01  1.847614e-01 1.847614e-01 
1.299000e+01  0.000000e+00 0.000000e+00  1.242388e+01  1.884171e-01 1.884171e-01 
1.382000e+01  0.000000e+00 0.000000e+00  1.225527e+01  1.883142e-01 1.883142e-01 
1.469000e+01  0.000000e+00 0.000000e+00  1.224905e+01  1.908620e-01 1.908620e-01 
1.559000e+01  0.000000e+00 0.000000e+00  1.236011e+01  1.976163e-01 1.976163e-01 
1.652000e+01  0.000000e+00 0.000000e+00  1.225405e+01  2.013227e-01 2.013227e-01 
1.748000e+01  0.000000e+00 0.000000e+00  1.224696e+01  2.030291e-01 2.030291e-01 
1.848000e+01  0.000000e+00 0.000000e+00  1.219938e+01  2.032335e-01 2.032335e-01 
1.951000e+01  0.000000e+00 0.000000e+00  1.237220e+01  2.123970e-01 2.123970e-01 
2.058000e+01  0.000000e+00 0.000000e+00  1.267362e+01  2.179095e-01 2.179095e-01 
2.168000e+01  0.000000e+00 0.000000e+00  1.237076e+01  2.244134e-01 2.244134e-01 
2.283000e+01  0.000000e+00 0.000000e+00  1.211338e+01  2.194104e-01 2.194104e-01 
2.401000e+01  0.000000e+00 0.000000e+00  1.250007e+01  2.334628e-01 2.334628e-01 
2.525000e+01  0.000000e+00 0.000000e+00  1.231049e+01  2.347726e-01 2.347726e-01 
2.656000e+01  0.000000e+00 0.000000e+00  1.266013e+01  2.452741e-01 2.452741e-01 
2.795000e+01  0.000000e+00 0.000000e+00  1.254835e+01  2.501374e-01 2.501374e-01 
2.943000e+01  0.000000e+00 0.000000e+00  1.290562e+01  2.595484e-01 2.595484e-01 
3.100000e+01  0.000000e+00 0.000000e+00  1.272969e+01  2.655580e-01 2.655580e-01 
3.266000e+01  0.000000e+00 0.000000e+00  1.282373e+01  2.762955e-01 2.762955e-01 
3.443000e+01  0.000000e+00 0.000000e+00  1.275851e+01  2.806698e-01 2.806698e-01 
3.632000e+01  0.000000e+00 0.000000e+00  1.319476e+01  2.993591e-01 2.993591e-01 
3.833000e+01  0.000000e+00 0.000000e+00  1.310990e+01  2.956351e-01 2.956351e-01 
4.048000e+01  0.000000e+00 0.000000e+00  1.329288e+01  3.211444e-01 3.211444e-01 
4.278000e+01  0.000000e+00 0.000000e+00  1.348987e+01  3.351082e-01 3.351082e-01 
4.526000e+01  0.000000e+00 0.000000e+00  1.340639e+01  3.449147e-01 3.449147e-01 
4.792000e+01  0.000000e+00 0.000000e+00  1.455829e+01  3.786398e-01 3.786398e-01 
5.080000e+01  0.000000e+00 0.000000e+00  1.348983e+01  3.781402e-01 3.781402e-01 
5.392000e+01  0.000000e+00 0.000000e+00  1.388940e+01  3.983348e-01 3.983348e-01 
5.732000e+01  0.000000e+00 0.000000e+00  1.423395e+01  4.196201e-01 4.196201e-01 
6.103000e+01  0.000000e+00 0.000000e+00  1.390038e+01  4.331251e-01 4.331251e-01 
6.511000e+01  0.000000e+00 0.000000e+00  1.518671e+01  4.776450e-01 4.776450e-01 
6.962000e+01  0.000000e+00 0.000000e+00  1.473619e+01  4.880359e-01 4.880359e-01 
7.465000e+01  0.000000e+00 0.000000e+00  1.591602e+01  5.289045e-01 5.289045e-01 
8.029000e+01  0.000000e+00 0.000000e+00  1.559493e+01  5.510795e-01 5.510795e-01 
8.669000e+01  0.000000e+00 0.000000e+00  1.635889e+01  5.944278e-01 5.944278e-01 
9.402000e+01  0.000000e+00 0.000000e+00  1.692980e+01  6.356259e-01 6.356259e-01 
1.026000e+02  0.000000e+00 0.000000e+00  1.577947e+01  6.920724e-01 6.920724e-01 
1.127000e+02  0.000000e+00 0.000000e+00  1.679074e+01  7.443464e-01 7.443464e-01 
1.250000e+02  0.000000e+00 0.000000e+00  1.694727e+01  7.913821e-01 7.913821e-01 
1.401000e+02  0.000000e+00 0.000000e+00  1.924369e+01  9.013330e-01 9.013330e-01 
1.589000e+02  0.000000e+00 0.000000e+00  1.843560e+01  9.485625e-01 9.485625e-01 
1.831000e+02  0.000000e+00 0.000000e+00  1.964946e+01  1.066217e+00 1.066217e+00 
2.162000e+02  0.000000e+00 0.000000e+00  1.890779e+01  1.188958e+00 1.188958e+00 
2.618000e+02  0.000000e+00 0.000000e+00  2.077866e+01  1.458295e+00 1.458295e+00 
3.268000e+02  0.000000e+00 0.000000e+00  2.014873e+01  1.808553e+00 1.808553e+00 
4.285000e+02  0.000000e+00 0.000000e+00  1.959865e+01  2.361345e+00 2.361345e+00 
5.888000e+02  0.000000e+00 0.000000e+00  1.696715e+01  3.763125e+00 3.763125e+00 
8.323000e+02  0.000000e+00 0.000000e+00  1.111019e+01  6.769793e+00 6.769793e+00 
