# Data from SSDC cosmic rays database www.ssdc.asi.it 
# File generated today 20210324 
# Errors may contain statistic and systematic depending on the options set when drawing the graph 
# Fluxes are multiplied by a power of Energy (or Rigidity) if the option is set when drawing the graph 
# Horizontal errors usually are not uncertanties of the measurement but correspond to binning. See publication. 
#
# GraphTitle: e- AMS-02 PRL (2019); 2011-05-19 00:00:00.0,2017-11-12 00:00:00.0; 
# XLabel: kinetic energy (GeV) 
# YLabel: Flux#timesE^{1.0} ((m^{2} s sr GeV)^{-1}#times(GeV/n)^{1.0}) 
#
# Columns: X, XErrorLow, XErrorHigh, Y, YErrorLow, YErrorHigh 
5.700000e-01  0.000000e+00 0.000000e+00  9.866700e+00  4.604316e-01 4.604316e-01 
7.300000e-01  0.000000e+00 0.000000e+00  1.248300e+01  4.619810e-01 4.619810e-01 
9.100000e-01  0.000000e+00 0.000000e+00  1.508780e+01  4.473832e-01 4.473832e-01 
1.110000e+00  0.000000e+00 0.000000e+00  1.733820e+01  4.231124e-01 4.231124e-01 
1.330000e+00  0.000000e+00 0.000000e+00  1.850030e+01  3.733488e-01 3.733488e-01 
1.580000e+00  0.000000e+00 0.000000e+00  1.896000e+01  3.163948e-01 3.163948e-01 
1.850000e+00  0.000000e+00 0.000000e+00  1.899950e+01  2.781160e-01 2.781160e-01 
2.150000e+00  0.000000e+00 0.000000e+00  1.806645e+01  2.369784e-01 2.369784e-01 
2.470000e+00  0.000000e+00 0.000000e+00  1.703559e+01  2.055450e-01 2.055450e-01 
2.820000e+00  0.000000e+00 0.000000e+00  1.552128e+01  1.808322e-01 1.808322e-01 
3.170000e+00  0.000000e+00 0.000000e+00  1.396385e+01  1.590064e-01 1.590064e-01 
3.540000e+00  0.000000e+00 0.000000e+00  1.258470e+01  1.419977e-01 1.419977e-01 
3.920000e+00  0.000000e+00 0.000000e+00  1.120728e+01  1.256848e-01 1.256848e-01 
4.320000e+00  0.000000e+00 0.000000e+00  9.845280e+00  1.083450e-01 1.083450e-01 
4.760000e+00  0.000000e+00 0.000000e+00  8.568000e+00  9.567482e-02 9.567482e-02 
5.240000e+00  0.000000e+00 0.000000e+00  7.383160e+00  8.400359e-02 8.400359e-02 
5.740000e+00  0.000000e+00 0.000000e+00  6.336960e+00  7.484044e-02 7.484044e-02 
6.260000e+00  0.000000e+00 0.000000e+00  5.455590e+00  6.280000e-02 6.280000e-02 
6.810000e+00  0.000000e+00 0.000000e+00  4.688685e+00  5.400978e-02 5.400978e-02 
7.390000e+00  0.000000e+00 0.000000e+00  4.019421e+00  4.676767e-02 4.676767e-02 
7.990000e+00  0.000000e+00 0.000000e+00  3.442891e+00  4.094437e-02 4.094437e-02 
8.620000e+00  0.000000e+00 0.000000e+00  2.943730e+00  3.465197e-02 3.465197e-02 
9.280000e+00  0.000000e+00 0.000000e+00  2.549216e+00  3.075029e-02 3.075029e-02 
9.960000e+00  0.000000e+00 0.000000e+00  2.195184e+00  2.606781e-02 2.606781e-02 
1.067000e+01  0.000000e+00 0.000000e+00  1.898193e+00  2.369124e-02 2.369124e-02 
1.141000e+01  0.000000e+00 0.000000e+00  1.640758e+00  2.066439e-02 2.066439e-02 
1.219000e+01  0.000000e+00 0.000000e+00  1.426230e+00  1.723926e-02 1.723926e-02 
1.299000e+01  0.000000e+00 0.000000e+00  1.241454e+00  1.546847e-02 1.546847e-02 
1.382000e+01  0.000000e+00 0.000000e+00  1.084732e+00  1.368110e-02 1.368110e-02 
1.469000e+01  0.000000e+00 0.000000e+00  9.458891e-01  1.202877e-02 1.202877e-02 
1.559000e+01  0.000000e+00 0.000000e+00  8.287644e-01  1.058514e-02 1.058514e-02 
1.652000e+01  0.000000e+00 0.000000e+00  7.239064e-01  9.369913e-03 9.369913e-03 
1.748000e+01  0.000000e+00 0.000000e+00  6.395932e-01  8.333763e-03 8.333763e-03 
1.848000e+01  0.000000e+00 0.000000e+00  5.649336e-01  7.322372e-03 7.322372e-03 
1.951000e+01  0.000000e+00 0.000000e+00  5.019923e-01  6.543853e-03 6.543853e-03 
2.058000e+01  0.000000e+00 0.000000e+00  4.416468e-01  5.893215e-03 5.893215e-03 
2.168000e+01  0.000000e+00 0.000000e+00  3.911072e-01  5.314917e-03 5.314917e-03 
2.283000e+01  0.000000e+00 0.000000e+00  3.479292e-01  4.656425e-03 4.656425e-03 
2.401000e+01  0.000000e+00 0.000000e+00  3.099691e-01  4.193166e-03 4.193166e-03 
2.525000e+01  0.000000e+00 0.000000e+00  2.774975e-01  3.919854e-03 3.919854e-03 
2.656000e+01  0.000000e+00 0.000000e+00  2.453082e-01  3.369039e-03 3.369039e-03 
2.795000e+01  0.000000e+00 0.000000e+00  2.191560e-01  3.037305e-03 3.037305e-03 
2.943000e+01  0.000000e+00 0.000000e+00  1.948855e-01  2.720644e-03 2.720644e-03 
3.100000e+01  0.000000e+00 0.000000e+00  1.714300e-01  2.393232e-03 2.393232e-03 
3.266000e+01  0.000000e+00 0.000000e+00  1.530121e-01  2.158774e-03 2.158774e-03 
3.443000e+01  0.000000e+00 0.000000e+00  1.358952e-01  1.916363e-03 1.916363e-03 
3.632000e+01  0.000000e+00 0.000000e+00  1.202555e-01  1.722809e-03 1.722809e-03 
3.833000e+01  0.000000e+00 0.000000e+00  1.075540e-01  1.552247e-03 1.552247e-03 
4.048000e+01  0.000000e+00 0.000000e+00  9.484464e-02  1.383445e-03 1.383445e-03 
4.278000e+01  0.000000e+00 0.000000e+00  8.346378e-02  1.247241e-03 1.247241e-03 
4.526000e+01  0.000000e+00 0.000000e+00  7.400010e-02  1.093757e-03 1.093757e-03 
4.792000e+01  0.000000e+00 0.000000e+00  6.550664e-02  9.878961e-04 9.878961e-04 
5.080000e+01  0.000000e+00 0.000000e+00  5.684520e-02  8.408896e-04 8.408896e-04 
5.392000e+01  0.000000e+00 0.000000e+00  5.012942e-02  7.716402e-04 7.716402e-04 
5.732000e+01  0.000000e+00 0.000000e+00  4.392432e-02  6.871709e-04 6.871709e-04 
6.103000e+01  0.000000e+00 0.000000e+00  3.778367e-02  6.010758e-04 6.010758e-04 
6.511000e+01  0.000000e+00 0.000000e+00  3.302379e-02  5.315146e-04 5.315146e-04 
6.962000e+01  0.000000e+00 0.000000e+00  2.837015e-02  4.597556e-04 4.597556e-04 
7.465000e+01  0.000000e+00 0.000000e+00  2.460464e-02  4.099638e-04 4.099638e-04 
8.029000e+01  0.000000e+00 0.000000e+00  2.097978e-02  3.519048e-04 3.519048e-04 
8.669000e+01  0.000000e+00 0.000000e+00  1.775411e-02  3.034150e-04 3.034150e-04 
9.402000e+01  0.000000e+00 0.000000e+00  1.484576e-02  2.614027e-04 2.614027e-04 
1.026000e+02  0.000000e+00 0.000000e+00  1.245564e-02  2.259531e-04 2.259531e-04 
1.127000e+02  0.000000e+00 0.000000e+00  1.002016e-02  1.875600e-04 1.875600e-04 
1.250000e+02  0.000000e+00 0.000000e+00  8.075000e-03  1.556037e-04 1.556037e-04 
1.401000e+02  0.000000e+00 0.000000e+00  6.347931e-03  1.297798e-04 1.297798e-04 
1.589000e+02  0.000000e+00 0.000000e+00  4.782890e-03  1.024012e-04 1.024012e-04 
1.831000e+02  0.000000e+00 0.000000e+00  3.392843e-03  7.949577e-05 7.949577e-05 
2.162000e+02  0.000000e+00 0.000000e+00  2.324150e-03  6.183471e-05 6.183471e-05 
2.618000e+02  0.000000e+00 0.000000e+00  1.565040e-03  4.697906e-05 4.697906e-05 
3.268000e+02  0.000000e+00 0.000000e+00  1.022557e-03  3.615684e-05 3.615684e-05 
4.285000e+02  0.000000e+00 0.000000e+00  5.476230e-04  2.414855e-05 2.414855e-05 
5.888000e+02  0.000000e+00 0.000000e+00  2.684928e-04  1.726550e-05 1.726550e-05 
8.323000e+02  0.000000e+00 0.000000e+00  1.474003e-04  1.415718e-05 1.415718e-05 
1.177700e+03  0.000000e+00 0.000000e+00  4.855657e-05  8.641462e-06 8.641462e-06 
