# Data from SSDC cosmic rays database www.ssdc.asi.it 
# File generated today 20210324 
# Errors may contain statistic and systematic depending on the options set when drawing the graph 
# Fluxes are multiplied by a power of Energy (or Rigidity) if the option is set when drawing the graph 
# Horizontal errors usually are not uncertanties of the measurement but correspond to binning. See publication. 
#
# GraphTitle: e- AMS-02 PRL (2019); 2011-05-19 00:00:00.0,2017-11-12 00:00:00.0; 
# XLabel: kinetic energy (GeV) 
# YLabel: Flux#timesE^{3.0} ((m^{2} s sr GeV)^{-1}#times(GeV/n)^{3.0}) 
#
# Columns: X, XErrorLow, XErrorHigh, Y, YErrorLow, YErrorHigh 
5.700000e-01  0.000000e+00 0.000000e+00  3.205691e+00  1.495942e-01 1.495942e-01 
7.300000e-01  0.000000e+00 0.000000e+00  6.652191e+00  2.461897e-01 2.461897e-01 
9.100000e-01  0.000000e+00 0.000000e+00  1.249421e+01  3.704781e-01 3.704781e-01 
1.110000e+00  0.000000e+00 0.000000e+00  2.136240e+01  5.213168e-01 5.213168e-01 
1.330000e+00  0.000000e+00 0.000000e+00  3.272518e+01  6.604167e-01 6.604167e-01 
1.580000e+00  0.000000e+00 0.000000e+00  4.733174e+01  7.898479e-01 7.898479e-01 
1.850000e+00  0.000000e+00 0.000000e+00  6.502579e+01  9.518520e-01 9.518520e-01 
2.150000e+00  0.000000e+00 0.000000e+00  8.351217e+01  1.095433e+00 1.095433e+00 
2.470000e+00  0.000000e+00 0.000000e+00  1.039324e+02  1.254009e+00 1.254009e+00 
2.820000e+00  0.000000e+00 0.000000e+00  1.234314e+02  1.438050e+00 1.438050e+00 
3.170000e+00  0.000000e+00 0.000000e+00  1.403213e+02  1.597839e+00 1.597839e+00 
3.540000e+00  0.000000e+00 0.000000e+00  1.577064e+02  1.779458e+00 1.779458e+00 
3.920000e+00  0.000000e+00 0.000000e+00  1.722155e+02  1.931322e+00 1.931322e+00 
4.320000e+00  0.000000e+00 0.000000e+00  1.837366e+02  2.021979e+00 2.021979e+00 
4.760000e+00  0.000000e+00 0.000000e+00  1.941303e+02  2.167762e+00 2.167762e+00 
5.240000e+00  0.000000e+00 0.000000e+00  2.027239e+02  2.306537e+00 2.306537e+00 
5.740000e+00  0.000000e+00 0.000000e+00  2.087876e+02  2.465813e+00 2.465813e+00 
6.260000e+00  0.000000e+00 0.000000e+00  2.137915e+02  2.460981e+00 2.460981e+00 
6.810000e+00  0.000000e+00 0.000000e+00  2.174429e+02  2.504763e+00 2.504763e+00 
7.390000e+00  0.000000e+00 0.000000e+00  2.195090e+02  2.554080e+00 2.554080e+00 
7.990000e+00  0.000000e+00 0.000000e+00  2.197945e+02  2.613892e+00 2.613892e+00 
8.620000e+00  0.000000e+00 0.000000e+00  2.187321e+02  2.574794e+00 2.574794e+00 
9.280000e+00  0.000000e+00 0.000000e+00  2.195344e+02  2.648165e+00 2.648165e+00 
9.960000e+00  0.000000e+00 0.000000e+00  2.177658e+02  2.585969e+00 2.585969e+00 
1.067000e+01  0.000000e+00 0.000000e+00  2.161072e+02  2.697222e+00 2.697222e+00 
1.141000e+01  0.000000e+00 0.000000e+00  2.136072e+02  2.690258e+00 2.690258e+00 
1.219000e+01  0.000000e+00 0.000000e+00  2.119322e+02  2.561687e+00 2.561687e+00 
1.299000e+01  0.000000e+00 0.000000e+00  2.094831e+02  2.610151e+00 2.610151e+00 
1.382000e+01  0.000000e+00 0.000000e+00  2.071755e+02  2.612987e+00 2.612987e+00 
1.469000e+01  0.000000e+00 0.000000e+00  2.041192e+02  2.595761e+00 2.595761e+00 
1.559000e+01  0.000000e+00 0.000000e+00  2.014296e+02  2.572698e+00 2.572698e+00 
1.652000e+01  0.000000e+00 0.000000e+00  1.975616e+02  2.557147e+00 2.557147e+00 
1.748000e+01  0.000000e+00 0.000000e+00  1.954280e+02  2.546385e+00 2.546385e+00 
1.848000e+01  0.000000e+00 0.000000e+00  1.929307e+02  2.500666e+00 2.500666e+00 
1.951000e+01  0.000000e+00 0.000000e+00  1.910784e+02  2.490853e+00 2.490853e+00 
2.058000e+01  0.000000e+00 0.000000e+00  1.870535e+02  2.495991e+00 2.495991e+00 
2.168000e+01  0.000000e+00 0.000000e+00  1.838291e+02  2.498130e+00 2.498130e+00 
2.283000e+01  0.000000e+00 0.000000e+00  1.813438e+02  2.426970e+00 2.426970e+00 
2.401000e+01  0.000000e+00 0.000000e+00  1.786910e+02  2.417277e+00 2.417277e+00 
2.525000e+01  0.000000e+00 0.000000e+00  1.769220e+02  2.499152e+00 2.499152e+00 
2.656000e+01  0.000000e+00 0.000000e+00  1.730486e+02  2.376634e+00 2.376634e+00 
2.795000e+01  0.000000e+00 0.000000e+00  1.712052e+02  2.372750e+00 2.372750e+00 
2.943000e+01  0.000000e+00 0.000000e+00  1.687951e+02  2.356417e+00 2.356417e+00 
3.100000e+01  0.000000e+00 0.000000e+00  1.647442e+02  2.299896e+00 2.299896e+00 
3.266000e+01  0.000000e+00 0.000000e+00  1.632143e+02  2.302712e+00 2.302712e+00 
3.443000e+01  0.000000e+00 0.000000e+00  1.610936e+02  2.271704e+00 2.271704e+00 
3.632000e+01  0.000000e+00 0.000000e+00  1.586342e+02  2.272630e+00 2.272630e+00 
3.833000e+01  0.000000e+00 0.000000e+00  1.580171e+02  2.280544e+00 2.280544e+00 
4.048000e+01  0.000000e+00 0.000000e+00  1.554153e+02  2.266955e+00 2.266955e+00 
4.278000e+01  0.000000e+00 0.000000e+00  1.527494e+02  2.282610e+00 2.282610e+00 
4.526000e+01  0.000000e+00 0.000000e+00  1.515868e+02  2.240526e+00 2.240526e+00 
4.792000e+01  0.000000e+00 0.000000e+00  1.504246e+02  2.268532e+00 2.268532e+00 
5.080000e+01  0.000000e+00 0.000000e+00  1.466970e+02  2.170033e+00 2.170033e+00 
5.392000e+01  0.000000e+00 0.000000e+00  1.457446e+02  2.243441e+00 2.243441e+00 
5.732000e+01  0.000000e+00 0.000000e+00  1.443170e+02  2.257757e+00 2.257757e+00 
6.103000e+01  0.000000e+00 0.000000e+00  1.407314e+02  2.238803e+00 2.238803e+00 
6.511000e+01  0.000000e+00 0.000000e+00  1.399982e+02  2.253256e+00 2.253256e+00 
6.962000e+01  0.000000e+00 0.000000e+00  1.375085e+02  2.228410e+00 2.228410e+00 
7.465000e+01  0.000000e+00 0.000000e+00  1.371124e+02  2.284573e+00 2.284573e+00 
8.029000e+01  0.000000e+00 0.000000e+00  1.352458e+02  2.268548e+00 2.268548e+00 
8.669000e+01  0.000000e+00 0.000000e+00  1.334249e+02  2.280211e+00 2.280211e+00 
9.402000e+01  0.000000e+00 0.000000e+00  1.312329e+02  2.310737e+00 2.310737e+00 
1.026000e+02  0.000000e+00 0.000000e+00  1.311175e+02  2.378554e+00 2.378554e+00 
1.127000e+02  0.000000e+00 0.000000e+00  1.272689e+02  2.382254e+00 2.382254e+00 
1.250000e+02  0.000000e+00 0.000000e+00  1.261719e+02  2.431307e+00 2.431307e+00 
1.401000e+02  0.000000e+00 0.000000e+00  1.245973e+02  2.547319e+00 2.547319e+00 
1.589000e+02  0.000000e+00 0.000000e+00  1.207642e+02  2.585548e+00 2.585548e+00 
1.831000e+02  0.000000e+00 0.000000e+00  1.137471e+02  2.665144e+00 2.665144e+00 
2.162000e+02  0.000000e+00 0.000000e+00  1.086364e+02  2.890305e+00 2.890305e+00 
2.618000e+02  0.000000e+00 0.000000e+00  1.072667e+02  3.219909e+00 3.219909e+00 
3.268000e+02  0.000000e+00 0.000000e+00  1.092073e+02  3.861487e+00 3.861487e+00 
4.285000e+02  0.000000e+00 0.000000e+00  1.005503e+02  4.433970e+00 4.433970e+00 
5.888000e+02  0.000000e+00 0.000000e+00  9.308254e+01  5.985697e+00 5.985697e+00 
8.323000e+02  0.000000e+00 0.000000e+00  1.021076e+02  9.807005e+00 9.807005e+00 
1.177700e+03  0.000000e+00 0.000000e+00  6.734686e+01  1.198551e+01 1.198551e+01 
